1
17 07 2011 19 07 2011
INDIV
1
A 11111111 Maestro Yoda
0
1
19 07 2011 22 07 2011
INDIV
1
A 21111111 Anakin Skywalker
1
11 07 2011 13 07 2011
INDIV
1
A 31111111 Obi-Wan Kenobi
0
1
12 07 2011 15 07 2011
INDIV
1
A 41111111 Luke Skywalker
3
31111111 18:33
0
3
41111111 15:02
0
6
41111111
1
CAJ_F 1
5
4
ESP_C
LOM_M
JUG_L
MALTA
0
1
16 07 2011 22 07 2011
INDIV
1
A 51111111 Qui-Gon Jinn
0
1
16 07 2011 18 07 2011
MATRI
1
A 99111111 Count Dooku
1
19 07 2011 22 07 2011
MATRI
1
A 98811111 Galen Marek
0
3
51111111 19:21
0
3
11111111 14:30
0
0
4
11111111 9:30
3
21111111 17:56
0
0
0
4
51111111 11:02
0
1
27 07 2011 05 08 2011
SUITE
5
A 61111111 Han Solo
A 71111111 Leia Organa
N Anakin Solo
N Jaina Solo
N Jacen Solo
1
29 07 2011 02 08 2011
INDIV
1
A 81111111 Mace Windu
1
25 07 2011 02 08 2011
INDIV
1
A 12345678 Akira Toriyama
1
03 08 2011 05 08 2011
INDIV
1
A 12345679 Arashi Kishuu
0
4
21111111 13:02
0
0
0
3
61111111 17:33
0
2
81111111 12:00
0
1
29 07 2011 06 08 2011
INDIV
1
A 13246578 Kenshin Himura
6
61111111
1
CAM_A 2
0
0
0
7
18
a 26 07 2011 29 07 2011
a 29 07 2011 31 07 2011
b 08 07 2011 15 08 2011
b 08 07 2011 12 07 2011
c 08 07 2011 15 08 2011
c 08 07 2011 12 07 2011
d 08 07 2011 15 08 2011
d 08 07 2011 12 07 2011
f 08 07 2011 15 08 2011
f 08 07 2011 12 07 2011
g 08 07 2011 15 08 2011
g 08 07 2011 12 07 2011
j
l
e 08 07 2011 15 08 2011
e 26 07 2011 15 08 2011
h 09 07 2011 16 07 2011
i 09 07 2011 16 07 2011
0
4
61111111 9:00
0
8
8
8
8
